0 156 116 255
1 147 153 255
32 152 101 255
0 155 117 255
1 156 117 255
24 127 99 255
21 176 178 255
1 146 152 255
2 147 152 255
21 175 179 255
32 151 101 255
25 127 100 255
33 152 100 255
241 72 58 255
151 214 249 255
1 147 151 255
128 191 224 255
128 190 225 255
26 127 99 255
200 203 204 0
2 147 151 255
24 126 98 255
0 155 116 255
30 156 90 255
26 128 98 255
26 126 100 255
152 213 249 255
3 147 152 255
25 126 98 255
2 145 152 255
3 146 152 255
31 157 88 255
32 150 102 255
1 145 151 255
27 128 99 255
3 147 151 255
31 155 90 255
3 145 153 255
17 172 131 255
25 125 99 255
24 125 98 255
26 128 97 255
31 156 88 255
27 127 98 255
30 157 88 255
27 126 99 255
2 145 151 255
17 172 130 255
1 144 152 255
24 124 99 255
25 128 96 255
25 124 100 255
18 173 130 255
26 125 98 255
28 128 99 255
32 150 101 255
24 125 97 255
18 172 131 255
22 175 179 255
0 156 116 255
1 147 153 255
32 152 101 255
0 155 117 255
1 156 117 255
24 127 99 255
21 176 178 255
1 146 152 255
2 147 152 255
21 175 179 255
32 151 101 255
25 127 100 255
33 152 100 255
241 72 58 255
151 214 249 255
1 147 151 255
128 191 224 255
128 190 225 255
26 127 99 255
200 203 204 0
2 147 151 255
24 126 98 255
0 155 116 255
30 156 90 255
26 128 98 255
26 126 100 255
152 213 249 255
3 147 152 255
25 126 98 255
2 145 152 255
3 146 152 255
31 157 88 255
32 150 102 255
1 145 151 255
27 128 99 255
3 147 151 255
31 155 90 255
3 145 153 255
17 172 131 255
25 125 99 255
24 125 98 255
26 128 97 255
31 156 88 255
27 127 98 255
30 157 88 255
27 126 99 255
2 145 151 255
17 172 130 255
1 144 152 255
24 124 99 255
25 128 96 255
25 124 100 255
18 173 130 255
26 125 98 255
28 128 99 255
32 150 101 255
24 125 97 255
18 172 131 255
22 175 179 255